=== painted text A_yellow ===
5:TEXTURE	../../textures/painted_text_clean.png
6:TEXTURE_NORMAL	../../../paint/textures/paint_clean_NML.png
7:SPECULAR	0.5
8:WEATHER ../../../paint/textures/paint_WXR.png
9:ATTR_layer_group_draped	markings	4

=== runway 2 ===
5:TEXTURE	../../../paint/textures/paint_white_clean.png
6:TEXTURE_NORMAL	../../../paint/textures/paint_clean_NML.png
7:GLOBAL_no_shadow
8:SPECULAR	0.5
9:ATTR_layer_group_draped	markings	0

=== source headers ===
I
800
OBJ

TEXTURE	../../textures/painted_text_clean.png
TEXTURE_NORMAL	../../../paint/textures/paint_clean_NML.png
SPECULAR	0.5
WEATHER ../../../paint/textures/paint_WXR.png
ATTR_layer_group_draped	markings	4
ATTR_LOD_draped	3000
POINT_COUNTS	6	0	0	6

VT	0.65992129	0.015880523	-1.0828943	0	1	-0	0.83712465	0.50502968
VT	0.65992129	0.015880523	0.81074518	0	1	-0	0.83712459	0.38813823
VT	-0.66022283	0.015880523	0.81074518	0	1	-0	0.7312929	0.38813829
VT	-0.0049463268	0.015880523	-1.0828943	-0	1	-0	0.78382432	0.50502968
VT	0.65992129	0.015880523	-1.0828943	-0	1	-0	0.83712465	0.50502968
VT	-0.66022283	0.015880523	0.81074518	-0	1	-0	0.7312929	0.38813829

IDX	0
IDX	1
IDX	2
IDX	3
IDX	4
IDX	5

	ATTR_draped
	TRIS	0 6

# Build with Blender 4.2.4 LTS (build b'e41b0e807a59'). Exported with XPlane2Blender 4.3.3-rc.1+120.20240721221521
I
800
OBJ

TEXTURE	../../../paint/textures/paint_white_clean.png
TEXTURE_NORMAL	../../../paint/textures/paint_clean_NML.png
GLOBAL_no_shadow
SPECULAR	0.5
ATTR_layer_group_draped	markings	0
POINT_COUNTS	39	0	0	39

VT	-3.0850756	0	6.0008612	0	0.99999994	-0	0.34149098	0.20197591
VT	-3.0850756	0	3.8008611	0	0.99999994	-0	0.34149098	0.30853218
VT	1.5149242	0	-3.1991389	0	0.99999994	-0	0.56429034	0.64757472
VT	2.9149244	0	9.0008612	0	1	0	0.63209891	0.056671977
VT	-3.0850756	0	9.0008612	0	1	0	0.34149098	0.056671977
VT	-3.0850756	0	6.0008612	0	1	0	0.34149098	0.20197591
VT	-1.6850758	0	6.0008612	-0	1	-0	0.40929946	0.20197591
VT	2.9149244	0	6.0008612	-0	1	-0	0.63209891	0.20197591
VT	2.9149244	0	9.0008612	-0	1	-0	0.63209891	0.056671977
VT	-1.6850758	0	6.0008612	0	1	-0	0.40929946	0.20197591
VT	2.9149244	0	9.0008612	0	1	-0	0.63209891	0.056671977
VT	-3.0850756	0	6.0008612	0	1	-0	0.34149098	0.20197591
VT	-1.6850758	0	4.0008612	0	1	-0	0.40929946	0.2988452
VT	-1.6850758	0	6.0008612	0	1	-0	0.40929946	0.20197591
VT	-3.0850756	0	6.0008612	0	1	-0	0.34149098	0.20197591
VT	-1.6850758	0	-3.9991388	0	0.99999994	0	0.40929946	0.68632245
VT	-3.0850756	0	-3.9991388	0	0.99999994	0	0.34149098	0.68632245
VT	-3.0850756	0	-8.799139	0	0.99999994	0	0.34149098	0.9188087
VT	-1.6850758	0	-5.799139	0	1	-0	0.40929946	0.77350479
VT	-1.6850758	0	-3.9991388	0	1	-0	0.40929946	0.68632245
VT	-3.0850756	0	-8.799139	0	1	-0	0.34149098	0.9188087
VT	2.9149244	0	-2.9991388	0	1	-0	0.63209891	0.63788784
VT	-1.6850758	0	4.0008612	0	1	-0	0.40929946	0.2988452
VT	-3.0850756	0	6.0008612	0	1	-0	0.34149098	0.20197591
VT	2.9149244	0	-2.9991388	0	1	0	0.63209891	0.63788784
VT	-3.0850756	0	6.0008612	0	1	0	0.34149098	0.20197591
VT	1.5149242	0	-3.1991389	0	1	0	0.56429034	0.64757472
VT	-1.6850758	0	-5.799139	0	1	0	0.40929946	0.77350479
VT	-3.0850756	0	-8.799139	0	1	0	0.34149098	0.9188087
VT	2.9149244	0	-8.799139	0	1	0	0.63209891	0.9188087
VT	2.9149244	0	-2.9991388	0	0.99999994	0	0.63209891	0.63788784
VT	1.5149242	0	-3.1991389	0	0.99999994	0	0.56429034	0.64757472
VT	1.5149243	0	-5.799139	0	0.99999994	0	0.56429034	0.77350479
VT	1.5149243	0	-5.799139	0	1	0	0.56429034	0.77350479
VT	-1.6850758	0	-5.799139	0	1	0	0.40929946	0.77350479
VT	2.9149244	0	-8.799139	0	1	0	0.63209891	0.9188087
VT	2.9149244	0	-8.799139	0	1	-0	0.63209891	0.9188087
VT	2.9149244	0	-2.9991388	0	1	-0	0.63209891	0.63788784
VT	1.5149243	0	-5.799139	0	1	-0	0.56429034	0.77350479

IDX10	0	1	2	3	4	5	6	7	8	9
IDX10	10	11	12	13	14	15	16	17	18	19
IDX10	20	21	22	23	24	25	26	27	28	29
IDX	30
IDX	31
IDX	32
IDX	33
IDX	34
IDX	35
IDX	36
IDX	37
IDX	38

	ATTR_LOD	0	10000
	ATTR_draped
	TRIS	0 39

# Build with Blender 3.6.14 (build b'e480a2c4465b'). Exported with XPlane2Blender 4.2.0-rc.3+117.20230225221007